1.000000000 -0.000000000 -0.000000002 0.000000000 -0.000000000 0.999999940 0.000000000 -0.000000007 -0.000000002 0.000000000 1.000000000 0.000000000
0.999991059 -0.002554754 -0.003369797 -0.003348691 0.002547681 0.999994516 -0.002101262 -0.005479594 0.003375143 0.002092659 0.999992132 0.668646634
0.999971867 -0.001351744 -0.007376090 -0.015622089 0.001325719 0.999992847 -0.003531934 -0.009589497 0.007380808 0.003522057 0.999966562 1.358353972
0.999937713 -0.001206049 -0.011093079 -0.035006002 0.001149779 0.999986410 -0.005077524 -0.011858436 0.011099049 0.005064453 0.999925554 2.067037106
0.999868810 -0.000036272 -0.016200202 -0.041757464 -0.000055559 0.999983847 -0.005667955 -0.015287663 0.016200149 0.005668111 0.999852717 2.801995993
0.999787807 -0.001012989 -0.020575201 -0.060827058 0.000893579 0.999982655 -0.005811939 -0.025074402 0.020580731 0.005792320 0.999771416 3.540244579
0.999688208 0.000860404 -0.024956640 -0.090373248 -0.001037498 0.999974370 -0.007084011 -0.032000255 0.024949901 0.007107693 0.999663413 4.293438911
0.999543965 0.003399449 -0.030006008 -0.117490917 -0.003636462 0.999962509 -0.007847797 -0.037762918 0.029978203 0.007953332 0.999518931 5.066843987
0.999405921 0.003980764 -0.034235794 -0.152484268 -0.004196877 0.999971688 -0.006242902 -0.045420256 0.034209974 0.006382872 0.999394298 5.850506783
0.999251425 0.003208136 -0.038552638 -0.188961700 -0.003348419 0.999987960 -0.003574720 -0.053911559 0.038540706 0.003701132 0.999250233 6.650982380
0.999101281 0.002802636 -0.042295653 -0.217812151 -0.002840433 0.999995768 -0.000833586 -0.066013664 0.042293128 0.000952974 0.999104738 7.452174187
0.998990595 0.004357557 -0.044709664 -0.265261889 -0.004423261 0.999989271 -0.001370738 -0.074694447 0.044703219 0.001567117 0.998999119 8.264731407
0.998891473 0.003915860 -0.046909798 -0.309738040 -0.003997879 0.999990642 -0.001654746 -0.081694327 0.046902869 0.001840450 0.998897791 9.089369774
0.998803854 0.000869498 -0.048887637 -0.343611836 -0.000978971 0.999997020 -0.002215391 -0.088471904 0.048885558 0.002260603 0.998801827 9.919441223
0.998705208 0.000569235 -0.050867945 -0.390797019 -0.000630537 0.999999046 -0.001189058 -0.098813042 0.050867215 0.001219595 0.998704672 10.755662918
0.998628616 -0.000979247 -0.052342691 -0.438577652 0.000897207 0.999998212 -0.001590834 -0.104162052 0.052344151 0.001541693 0.998627961 11.603154182
0.998523295 0.001256759 -0.054313459 -0.484818488 -0.001462851 0.999991775 -0.003754898 -0.115563810 0.054308310 0.003828808 0.998516858 12.456377029
0.998448431 0.001839993 -0.055655051 -0.540530324 -0.002208252 0.999975979 -0.006556029 -0.122305498 0.055641662 0.006668758 0.998428524 13.320243835
0.998335481 0.005916088 -0.057368755 -0.599729717 -0.006396919 0.999945819 -0.008201380 -0.135290056 0.057317127 0.008554714 0.998319387 14.190386772
0.998270869 0.006263113 -0.058446344 -0.652923286 -0.006715436 0.999948859 -0.007545887 -0.149613798 0.058396094 0.007925329 0.998262107 15.066646576
0.998193622 0.005396928 -0.059836481 -0.709430575 -0.005752130 0.999966681 -0.005765552 -0.165392891 0.059803385 0.006099324 0.998191655 15.956512451
0.998112082 0.006123236 -0.061113007 -0.770286202 -0.006398810 0.999970138 -0.004314551 -0.176738545 0.061084773 0.004697454 0.998121560 16.852361679
0.998060703 0.005718212 -0.061985593 -0.829718888 -0.006001797 0.999972284 -0.004389793 -0.189729542 0.061958771 0.004753304 0.998067379 17.743761063
0.997955382 0.005545492 -0.063675031 -0.891117454 -0.005895011 0.999968529 -0.005302538 -0.200520933 0.063643627 0.005667055 0.997956514 18.649484634
0.997901440 0.003721558 -0.064643532 -0.953170300 -0.004112113 0.999974132 -0.005909679 -0.213728175 0.064619869 0.006163092 0.997890890 19.561042786
0.997867286 0.004155435 -0.065142758 -1.013267875 -0.004438874 0.999981284 -0.004206903 -0.223467797 0.065124057 0.004487090 0.997867107 20.464008331
0.997866511 0.005525557 -0.065052867 -1.081034303 -0.005591555 0.999983966 -0.000832482 -0.235067844 0.065047227 0.001194451 0.997881472 21.391588211
0.997898519 0.006254477 -0.064493731 -1.142071366 -0.006086494 0.999977529 0.002800778 -0.243164122 0.064509802 -0.002402352 0.997914195 22.317975998
0.998023510 0.005156784 -0.062629163 -1.199551344 -0.004791311 0.999970555 0.005984283 -0.254771769 0.062658183 -0.005672382 0.998018861 23.235950470
0.998102486 0.005349885 -0.061341994 -1.257027984 -0.004953109 0.999965787 0.006618512 -0.257210076 0.061375301 -0.006302119 0.998094797 24.178634644
0.998182058 0.005566615 -0.060014933 -1.313818097 -0.005343457 0.999978065 0.003878231 -0.265031517 0.060035218 -0.003550492 0.998189926 25.112558365
0.998229086 0.006739609 -0.059106234 -1.377874494 -0.006804608 0.999976397 -0.000898492 -0.273266077 0.059098795 0.001299095 0.998251200 26.063859940
0.998331785 0.005583500 -0.057466757 -1.435065389 -0.005802977 0.999976456 -0.003653042 -0.282518268 0.057444997 0.003980430 0.998340845 26.998548508
0.998386979 0.003177199 -0.056686189 -1.491428375 -0.003341637 0.999990404 -0.002806292 -0.289770126 0.056676734 0.002991187 0.998388112 27.961475372
0.998377085 0.001279342 -0.056935307 -1.548356652 -0.001139309 0.999996185 0.002491902 -0.301905960 0.056938272 -0.002422991 0.998374760 28.934892654
0.998339713 -0.001896188 -0.057568602 -1.601937294 0.002237501 0.999980271 0.005864934 -0.314939260 0.057556346 -0.005984007 0.998324275 29.888675690
0.998240054 -0.009419993 -0.058550213 -1.651798725 0.009732641 0.999939799 0.005056960 -0.318905711 0.058499042 -0.005617909 0.998271644 30.862943649
0.998127401 -0.011652493 -0.060048360 -1.709581614 0.011741525 0.999930382 0.001130013 -0.322915971 0.060031012 -0.001832958 0.998194814 31.839044571
0.998050928 -0.011352778 -0.061363697 -1.768383384 0.011213692 0.999933660 -0.002610488 -0.334618330 0.061389267 0.001917288 0.998112023 32.792995453
0.997937083 -0.009896867 -0.063432813 -1.836161017 0.009708252 0.999947429 -0.003281023 -0.345162034 0.063461959 0.002658433 0.997980654 33.775695801
0.997880161 -0.009810925 -0.064334407 -1.899485826 0.009710542 0.999951065 -0.001872795 -0.356442273 0.064349644 0.001244106 0.997926593 34.767440796
0.997824311 -0.006827892 -0.065574825 -1.970758677 0.006902403 0.999975741 0.000909780 -0.372360438 0.065567017 -0.001360423 0.997847319 35.754959106
0.997751832 -0.006755118 -0.066676296 -2.042782784 0.006925303 0.999973297 0.002321594 -0.383899868 0.066658825 -0.002778127 0.997772098 36.738594055
0.997693896 -0.004913390 -0.067696542 -2.111858130 0.005271994 0.999972999 0.005119590 -0.398937285 0.067669548 -0.005464679 0.997692883 37.729061127
0.997699082 -0.005791161 -0.067549743 -2.178245544 0.006348183 0.999947488 0.008034367 -0.401498139 0.067499660 -0.008444697 0.997683585 38.739070892
0.997673869 0.000270752 -0.068167716 -2.253853559 0.000435841 0.999946296 0.010350422 -0.404881477 0.068166852 -0.010356056 0.997620225 39.716331482
0.997685015 0.000549231 -0.068003811 -2.333549023 0.000115918 0.999952197 0.009776739 -0.412519902 0.068005919 -0.009761988 0.997637153 40.700511932
0.997660100 0.000108573 -0.068368837 -2.394470453 0.000433726 0.999968410 0.007917070 -0.410220206 0.068367541 -0.007928193 0.997628748 41.704277039
0.997667432 0.002340600 -0.068222292 -2.475717783 -0.001960285 0.999981940 0.005641065 -0.413315594 0.068234272 -0.005494166 0.997654200 42.695510864
0.997615159 0.002131410 -0.068988174 -2.549855471 -0.001751782 0.999982893 0.005562836 -0.418883741 0.068998851 -0.005428714 0.997601986 43.683811188
0.997520566 -0.000013616 -0.070377022 -2.613855362 0.000503253 0.999975801 0.006939631 -0.427834332 0.070375219 -0.006957841 0.997496367 44.658966064
0.997467399 0.000409780 -0.071124867 -2.685028076 0.000177959 0.999965966 0.008256951 -0.437803686 0.071125820 -0.008248699 0.997433305 45.640270233
0.997466266 0.002870828 -0.071084015 -2.769790649 -0.002547295 0.999985993 0.004641661 -0.446292937 0.071096331 -0.004448829 0.997459590 46.615779877
0.997392654 0.003251667 -0.072092280 -2.837046385 -0.003227240 0.999994755 0.000455303 -0.454805434 0.072093368 -0.000221455 0.997398019 47.569107056
0.997333884 0.004092457 -0.072858885 -2.913916826 -0.004168175 0.999990880 -0.000887217 -0.461874396 0.072854586 0.001188544 0.997341990 48.542263031
0.997346640 0.003077842 -0.072732553 -2.992388964 -0.002889716 0.999992192 0.002691633 -0.477698594 0.072740272 -0.002474315 0.997347891 49.513828278
0.997334301 0.001201620 -0.072957173 -3.054265022 -0.000769322 0.999981940 0.005953179 -0.488833845 0.072963007 -0.005881183 0.997317314 50.461845398
0.997314095 -0.000393215 -0.073242560 -3.125943184 0.000872572 0.999978364 0.006512919 -0.497073710 0.073238425 -0.006559335 0.997292936 51.425296783
0.997274101 -0.003677392 -0.073695228 -3.195484877 0.004075005 0.999977827 0.005245744 -0.504339337 0.073674321 -0.005531754 0.997267008 52.386962891
0.997241676 -0.006718379 -0.073918805 -3.255174875 0.007062488 0.999965429 0.004394856 -0.520012736 0.073886722 -0.004904782 0.997254610 53.320140839
0.997162700 -0.008062837 -0.074844055 -3.329921246 0.008491925 0.999949217 0.005416649 -0.526223361 0.074796587 -0.006036851 0.997180641 54.264617920
0.997069418 -0.011278885 -0.075667784 -3.405199766 0.012022596 0.999883711 0.009380337 -0.529510438 0.075553186 -0.010262569 0.997089028 55.217357635
0.996990860 -0.011891443 -0.076601826 -3.474602699 0.013037347 0.999810159 0.014476524 -0.534983695 0.076415144 -0.015431648 0.996956706 56.169467926
0.996979654 -0.009915818 -0.077028818 -3.550981283 0.011223677 0.999799728 0.016564488 -0.537725985 0.076849148 -0.017379005 0.996891320 57.106101990
0.996877372 -0.009297016 -0.078417286 -3.621638060 0.010349365 0.999861598 0.013024127 -0.541516483 0.078285351 -0.013795028 0.996835530 58.019283295
0.996792853 -0.007207635 -0.079700194 -3.699985504 0.007645471 0.999957263 0.005189754 -0.544726849 0.079659373 -0.005782454 0.996805489 58.934127808
0.996729970 -0.005935783 -0.080586262 -3.782645226 0.005996503 0.999981821 0.000511485 -0.551987231 0.080581754 -0.000993048 0.996747553 59.848846436
0.996667862 -0.001108730 -0.081558369 -3.860544205 0.001225016 0.999998212 0.001375775 -0.563900411 0.081556715 -0.001471100 0.996667683 60.737449646
0.996544600 0.001067467 -0.083051980 -3.938140392 -0.000757079 0.999992490 0.003768675 -0.574422479 0.083055384 -0.003692770 0.996538103 61.645668030
0.996457219 0.003721338 -0.084017910 -4.017197609 -0.003294156 0.999980867 0.005222476 -0.586914897 0.084035739 -0.004927203 0.996450603 62.532375336
0.996337175 0.004626329 -0.085386530 -4.095145702 -0.004205186 0.999978065 0.005111394 -0.597304344 0.085408315 -0.004733602 0.996334791 63.408233643
0.996183753 0.006616540 -0.087029740 -4.178995609 -0.006108953 0.999962628 0.006097386 -0.609513104 0.087066852 -0.005542453 0.996187091 64.270690918
0.996094704 0.007027440 -0.088010982 -4.259510517 -0.006475148 0.999957383 0.006559188 -0.616893709 0.088053331 -0.005963683 0.996097922 65.109207153
0.995971978 0.006905968 -0.089398004 -4.336686134 -0.006294352 0.999954760 0.007121605 -0.625007808 0.089443140 -0.006530213 0.995970607 65.932823181
0.995858669 0.006593616 -0.090675369 -4.411499500 -0.005884566 0.999949932 0.008084779 -0.630803108 0.090724133 -0.007517709 0.995847642 66.749870300
0.995712698 0.009652688 -0.091995195 -4.495432854 -0.008690595 0.999903262 0.010852944 -0.638302326 0.092091069 -0.010006917 0.995700359 67.551010132
0.995577157 0.010882136 -0.093315415 -4.573160172 -0.009502172 0.999839008 0.015219765 -0.646627069 0.093465999 -0.014265751 0.995520294 68.346992493
0.995384455 0.013849442 -0.094963469 -4.652065754 -0.012296757 0.999781251 0.016916128 -0.648106813 0.095176987 -0.015670309 0.995337009 69.118446350
0.995219469 0.016791057 -0.096210636 -4.735437393 -0.015640033 0.999796927 0.012705302 -0.654444277 0.096404448 -0.011139824 0.995279968 69.866333008
0.995104969 0.017500425 -0.097263023 -4.816883087 -0.017055998 0.999839962 0.005398956 -0.665010333 0.097341947 -0.003713612 0.995244086 70.593605042
0.994940877 0.016282456 -0.099134125 -4.882496834 -0.016380060 0.999865830 -0.000170698 -0.672175705 0.099118039 0.001793653 0.995074034 71.311668396
0.994901061 0.016864084 -0.099435531 -4.958708763 -0.017099498 0.999852657 -0.001515674 -0.675180256 0.099395305 0.003208243 0.995042861 72.004402161
0.994776964 0.019788371 -0.100136235 -5.032958031 -0.019665273 0.999804199 0.002216315 -0.688692510 0.100160472 -0.000235530 0.994971216 72.674873352
0.994627953 0.020291885 -0.101506233 -5.109585762 -0.019935494 0.999791026 0.004524315 -0.701574326 0.101576813 -0.002476433 0.994824648 73.344223022
0.994600892 0.017049691 -0.102363706 -5.178373337 -0.017016396 0.999854505 0.001198566 -0.710834503 0.102369227 0.000549765 0.994746387 73.975746155
0.994684279 0.008769042 -0.102597602 -5.228130341 -0.009218065 0.999949813 -0.003903192 -0.722855926 0.102558240 0.004828195 0.994715333 74.592933655
0.994814932 0.004922832 -0.101583011 -5.282233715 -0.005846676 0.999944150 -0.008798745 -0.732543409 0.101534054 0.009347044 0.994788170 75.189636230
0.995118439 0.007146033 -0.098429039 -5.346231461 -0.008092052 0.999924719 -0.009215315 -0.738989592 0.098355785 0.009966823 0.995101452 75.778259277
0.995481610 0.012242125 -0.094163589 -5.413306236 -0.012886888 0.999897480 -0.006242211 -0.751293063 0.094077528 0.007427481 0.995537221 76.346870422
0.995942473 0.010719141 -0.089351758 -5.464274406 -0.011024147 0.999934971 -0.002920754 -0.765342474 0.089314640 0.003893927 0.995995879 76.901420593
0.996459484 0.007260405 -0.083760440 -5.495243549 -0.007179818 0.999973536 0.001263300 -0.774935722 0.083767362 -0.000657443 0.996485174 77.448570251
0.997130871 0.002808540 -0.075644948 -5.524469852 -0.002444939 0.999985039 0.004898857 -0.789381385 0.075657561 -0.004699858 0.997122824 77.977432251
0.997862220 0.006557965 -0.065021433 -5.557819366 -0.006288624 0.999970734 0.004346133 -0.791545272 0.065048017 -0.003927944 0.997874498 78.494338989
0.998681843 0.011626139 -0.049992878 -5.582866669 -0.011432378 0.999925911 0.004159966 -0.803706706 0.050037514 -0.003582946 0.998740971 78.999855042
0.999358654 0.016572505 -0.031739481 -5.597955227 -0.016427360 0.999853551 0.004828180 -0.811126292 0.031814840 -0.004303690 0.999484539 79.487693787
0.999841571 0.015020102 -0.009544898 -5.589404106 -0.014969630 0.999873698 0.005337149 -0.816058218 0.009623855 -0.005193421 0.999940157 79.969596863
0.999796629 0.011495069 0.016570721 -5.558767796 -0.011595428 0.999914885 0.005973256 -0.816574633 -0.016500652 -0.006164186 0.999844849 80.439941406
0.998887122 0.010472338 0.045988858 -5.513208389 -0.010834401 0.999912262 0.007630696 -0.825394452 -0.045904916 -0.008120468 0.998912811 80.898086548
0.996824384 0.009852662 0.079020612 -5.458271980 -0.010620213 0.999900341 0.009298923 -0.835106194 -0.078921109 -0.010108607 0.996829629 81.331848145
0.993132174 0.009739352 0.116592467 -5.382220268 -0.010945000 0.999892950 0.009704920 -0.839183986 -0.116485462 -0.010914373 0.993132412 81.771865845
0.987332702 0.009963744 0.158351064 -5.288663864 -0.011612387 0.999887586 0.009489454 -0.841542780 -0.158238709 -0.011208082 0.987337351 82.203987122
0.979059100 0.009564511 0.203351915 -5.171710968 -0.011738179 0.999886036 0.009485767 -0.847000122 -0.203238040 -0.011674105 0.979059815 82.621070862
0.967563748 0.011911420 0.252345860 -5.046379089 -0.014285690 0.999869227 0.007578702 -0.858556747 -0.252222598 -0.010937815 0.967607319 83.002433777
0.952093959 0.013066508 0.305526555 -4.891836166 -0.015209909 0.999873579 0.004635950 -0.865539372 -0.305427372 -0.009060888 0.952172220 83.385711670
0.932306349 0.013478511 0.361418337 -4.712739944 -0.015391716 0.999878585 0.002415259 -0.870274842 -0.361341923 -0.007814612 0.932400644 83.754364014
0.907974362 0.013952849 0.418793350 -4.519496918 -0.015628478 0.999877691 0.000570958 -0.876604497 -0.418734193 -0.007063519 0.908081293 84.098831177
0.879127145 0.014198785 0.476375878 -4.297500610 -0.015060562 0.999884605 -0.002008917 -0.877686560 -0.476349413 -0.005408399 0.879239380 84.423645020
0.845528662 0.012932121 0.533773422 -4.060966492 -0.012470663 0.999912262 -0.004471341 -0.882443905 -0.533784389 -0.002875861 0.845615685 84.731170654
0.808532774 0.012434280 0.588320076 -3.800827026 -0.011040235 0.999921262 -0.005960890 -0.890941024 -0.588347912 -0.001675617 0.808606267 85.020278931
0.768478811 0.011152835 0.639778316 -3.525051117 -0.010547386 0.999933064 -0.004762036 -0.903472185 -0.639788389 -0.003088462 0.768544972 85.287704468
0.725427568 0.010874019 0.688212812 -3.234996796 -0.012017843 0.999922812 -0.003131451 -0.907330573 -0.688193798 -0.005999192 0.725502193 85.542190552
0.680447817 0.009756074 0.732731819 -2.928344727 -0.010858723 0.999935746 -0.003229907 -0.911138475 -0.732716322 -0.005758748 0.680510044 85.763237000
0.634353995 0.008475897 0.772996366 -2.602485657 -0.007252465 0.999961138 -0.005012878 -0.916293561 -0.773008704 -0.002426189 0.634390831 85.961563110
0.587613225 0.005959639 0.809120059 -2.266826630 -0.001737214 0.999979794 -0.006103804 -0.923082829 -0.809140205 0.002181065 0.587611675 86.144371033
0.542092443 0.007898103 0.840281904 -1.922798157 -0.003294665 0.999968052 -0.007273557 -0.930475235 -0.840312541 0.001174496 0.542101145 86.304107666
0.493330628 0.011298765 0.869768560 -1.601524353 -0.008111101 0.999931931 -0.008389061 -0.943692029 -0.869804084 -0.002916202 0.493388653 86.472129822
0.448139995 0.013552054 0.893860698 -1.254604340 -0.008587133 0.999904215 -0.010854620 -0.949056089 -0.893922210 -0.002811315 0.448213369 86.604217529
0.404956162 0.011160196 0.914267957 -0.902627945 -0.001579308 0.999932587 -0.011506354 -0.956217051 -0.914334774 0.003215653 0.404946387 86.723785400
0.365659058 0.003260661 0.930743217 -0.532066345 0.013617489 0.999868095 -0.008852697 -0.962781668 -0.930649281 0.015911451 0.365566403 86.810371399
0.329833686 -0.000026590 0.944039166 -0.165973663 0.017919501 0.999819994 -0.006232654 -0.963194251 -0.943869054 0.018972443 0.329774737 86.906448364
0.297061384 0.003803899 0.954850793 0.196643829 0.014896449 0.999851882 -0.008617569 -0.975107074 -0.954742193 0.016783826 0.296960711 86.996917725
0.265833616 0.011519967 0.963950098 0.561813354 0.004039607 0.999906480 -0.013063695 -0.988707185 -0.964010477 0.007366748 0.265762240 87.095497131
0.237539038 0.015635576 0.971252084 0.944887161 -0.000607629 0.999872625 -0.015947711 -1.007197857 -0.971377790 0.003198041 0.237518325 87.178588867
0.211450934 0.017612826 0.977229834 1.346311569 0.000238050 0.999836624 -0.018071782 -1.022658110 -0.977388620 0.004053924 0.211412221 87.254333496
0.188281551 0.019072920 0.981929958 1.754064560 0.007951642 0.999749005 -0.020943737 -1.029951215 -0.982082844 0.011751272 0.188082635 87.304054260
0.168300882 0.025212660 0.985413313 2.165166855 0.014877257 0.999493957 -0.028113853 -1.031569958 -0.985623360 0.019391833 0.167840645 87.344894409
0.148577318 0.032333553 0.988372147 2.589518547 0.016911404 0.999236047 -0.035231166 -1.030055523 -0.988756299 0.021949319 0.147917017 87.394874573
0.130879387 0.033028372 0.990848005 3.031710625 0.014909225 0.999266326 -0.035278320 -1.043405294 -0.991286159 0.019389981 0.130290955 87.450965881
0.115438811 0.028537162 0.992904603 3.478463173 0.013061855 0.999457121 -0.030244108 -1.067170501 -0.993228734 0.016460530 0.115003407 87.496810913
0.100890264 0.025418475 0.994572818 3.948598862 0.012994030 0.999554574 -0.026863918 -1.088268876 -0.994812727 0.015633823 0.100515068 87.536911011
0.087745033 0.022898963 0.995879769 4.428088188 0.015776146 0.999578357 -0.024374014 -1.105263233 -0.996018052 0.017849850 0.087346792 87.567001343
0.076027080 0.022024583 0.996862531 4.924109936 0.019434238 0.999533355 -0.023565769 -1.121630192 -0.996916354 0.021164907 0.075563580 87.592338562
0.065936312 0.022585690 0.997568250 5.431994915 0.022353407 0.999459445 -0.024106001 -1.136619925 -0.997573435 0.023888502 0.065395802 87.615394592
0.058067642 0.023083014 0.998045802 5.960826397 0.024383154 0.999401629 -0.024533013 -1.151399851 -0.998014808 0.025760068 0.057470068 87.640663147
0.052512206 0.023480974 0.998344302 6.508964539 0.026300516 0.999344170 -0.024887886 -1.167363763 -0.998273849 0.027563883 0.051860213 87.664878845
0.046958245 0.024467463 0.998597324 7.065011978 0.027252395 0.999296367 -0.025766121 -1.185455561 -0.998525023 0.028424099 0.046258412 87.685592651
0.041248366 0.025096353 0.998833835 7.659773827 0.028000031 0.999262810 -0.026263438 -1.204123259 -0.998756528 0.029050700 0.040515266 87.707679749
0.036655251 0.025296900 0.999007702 8.257124901 0.030809119 0.999175727 -0.026431590 -1.219152212 -0.998852909 0.031747397 0.035845660 87.725860596
0.033898264 0.025379531 0.999103069 8.878174782 0.032345150 0.999126017 -0.026477545 -1.236873865 -0.998901725 0.033213682 0.033047732 87.740280151
0.030869398 0.024810659 0.999215424 9.514617920 0.033040073 0.999120176 -0.025829019 -1.258025169 -0.998977184 0.033811476 0.030022498 87.757148743
0.028508261 0.024304597 0.999298036 10.176298141 0.035467427 0.999050200 -0.025310392 -1.276102662 -0.998964131 0.036164086 0.027619161 87.772941589
0.027850298 0.023751114 0.999329925 10.845560074 0.040639773 0.998864174 -0.024872629 -1.300847769 -0.998785734 0.041305248 0.026853429 87.786010742
0.028837785 0.023347527 0.999311388 11.537423134 0.043246992 0.998761833 -0.024582699 -1.318320990 -0.998648107 0.043926127 0.027792372 87.801330566
0.031130547 0.023326136 0.999243081 12.246191025 0.045031909 0.998679638 -0.024715912 -1.337434769 -0.998500288 0.045767240 0.030039027 87.822952271
0.034984812 0.023216108 0.999118209 12.969487190 0.047532845 0.998559952 -0.024867538 -1.360020876 -0.998256862 0.048360929 0.033830915 87.849372864
0.039343081 0.022600135 0.998970270 13.715236664 0.047861945 0.998553872 -0.024475703 -1.381432414 -0.998078763 0.048775613 0.038204510 87.878303528
0.042903598 0.020924482 0.998860121 14.460954666 0.048991572 0.998533726 -0.023021964 -1.405017495 -0.997877300 0.049923457 0.041815571 87.923805237
0.047171667 0.019438827 0.998697639 15.228044510 0.049377009 0.998542964 -0.021768047 -1.425106883 -0.997665644 0.050339542 0.046143100 87.951705933
0.051260334 0.017226582 0.998536706 16.006858826 0.046177123 0.998740971 -0.019600626 -1.449101567 -0.997617185 0.047114301 0.050400309 88.001335144
0.055240434 0.016266581 0.998340547 16.803125381 0.045438461 0.998790383 -0.018788125 -1.468791723 -0.997438610 0.046400942 0.054434482 88.054435730
0.059198108 0.017206531 0.998098016 17.596622467 0.042467345 0.998902857 -0.019739185 -1.491943955 -0.997342527 0.043555100 0.058402438 88.110923767
0.062327281 0.021370672 0.997826993 18.386651993 0.040774189 0.998881638 -0.023940135 -1.516408324 -0.997222483 0.042177722 0.061386198 88.160095215
0.064002648 0.026340464 0.997602046 19.199962616 0.034831714 0.998983502 -0.028611617 -1.550380707 -0.997341633 0.036579415 0.063020110 88.214035034
0.063863412 0.029623272 0.997518837 20.013063431 0.032119095 0.998980343 -0.031723015 -1.575114608 -0.997441649 0.034065347 0.062846832 88.272697449
0.064029954 0.028804870 0.997532129 20.832481384 0.029731166 0.999084532 -0.030758088 -1.612003922 -0.997505069 0.031627238 0.063114926 88.331161499
0.064342618 0.027024444 0.997561872 21.652084351 0.027317522 0.999210894 -0.028831096 -1.645682216 -0.997553885 0.029105999 0.063553602 88.388496399
0.064056188 0.025746470 0.997614205 22.462919235 0.027899032 0.999230087 -0.027579557 -1.683194160 -0.997556269 0.029599117 0.063288584 88.440475464
0.064195618 0.025104955 0.997621655 23.276525497 0.025285015 0.999321640 -0.026774796 -1.717225552 -0.997617006 0.026943700 0.063517287 88.503532410
0.064232685 0.025343407 0.997613192 24.090944290 0.023554098 0.999360383 -0.026904359 -1.752374411 -0.997656941 0.025226016 0.063594669 88.560401917
0.064356044 0.026058473 0.997586727 24.907438278 0.020815570 0.999406338 -0.027448853 -1.782866597 -0.997709870 0.022531830 0.063775413 88.621513367
0.063487604 0.027301259 0.997609198 25.721246719 0.017550290 0.999440610 -0.028468275 -1.818412066 -0.997828305 0.019315714 0.062972941 88.672843933
0.060524434 0.027018696 0.997801006 26.535251617 0.014347617 0.999506712 -0.027935177 -1.849578738 -0.998063505 0.016006831 0.060106933 88.732223511
0.056706861 0.025758941 0.998058617 27.348609924 0.011902751 0.999578536 -0.026474454 -1.882658958 -0.998319924 0.013380933 0.056376368 88.783546448
0.051650472 0.023365175 0.998392045 28.158571243 0.009679475 0.999667585 -0.023895787 -1.914641380 -0.998618364 0.010898137 0.051407140 88.834098816
0.045751810 0.021127224 0.998729467 28.962907791 0.007846169 0.999738038 -0.021507991 -1.945458889 -0.998921990 0.008820231 0.045574047 88.864532471
0.038135421 0.021491533 0.999041498 29.765329361 0.007199607 0.999736905 -0.021781316 -1.974992990 -0.999246657 0.008023347 0.037970647 88.898010254
0.029600831 0.022451330 0.999309719 30.570457458 0.007059615 0.999718130 -0.022669625 -2.004888773 -0.999536872 0.007725781 0.029433992 88.922195435
0.019690957 0.022998843 0.999541700 31.372842789 0.007638899 0.999702752 -0.023153039 -2.027724266 -0.999776840 0.008091307 0.019509424 88.936973572
0.009444136 0.021691527 0.999720156 32.169231415 0.008591311 0.999725997 -0.021772819 -2.062535763 -0.999918520 0.008794531 0.009255188 88.941642761
-0.001250208 0.020944465 0.999779820 32.963325500 0.007364050 0.999753714 -0.020934705 -2.089884996 -0.999972165 0.007336254 -0.001404139 88.941200256
-0.012307909 0.019949049 0.999725223 33.751457214 0.009299978 0.999759972 -0.019835247 -2.116830349 -0.999881029 0.009053292 -0.012490481 88.926849365
-0.023552438 0.020510510 0.999512255 34.538684845 0.009037533 0.999752939 -0.020302489 -2.144486666 -0.999681771 0.008554950 -0.023731984 88.911994934
-0.034210876 0.020938842 0.999195337 35.308578491 0.009341301 0.999743521 -0.020630497 -2.172893286 -0.999370992 0.008628001 -0.034397699 88.877899170
-0.044741139 0.022089716 0.998754442 36.082538605 0.008968771 0.999724030 -0.021709386 -2.199562311 -0.998958409 0.007986299 -0.044926912 88.840354919
-0.055099349 0.023051003 0.998214900 36.853328705 0.009953670 0.999696434 -0.022535795 -2.226030827 -0.998431265 0.008694195 -0.055312064 88.799453735
-0.064871393 0.023690194 0.997612417 37.613040924 0.010440389 0.999679446 -0.023060381 -2.257061958 -0.997839034 0.008919501 -0.065097935 88.750938416
-0.074162133 0.024597473 0.996942878 38.348361969 0.011291794 0.999652326 -0.023824332 -2.279510021 -0.997182250 0.009490413 -0.074414104 88.677436829
-0.083747394 0.024571616 0.996184051 39.093498230 0.011859565 0.999649584 -0.023660094 -2.310246468 -0.996416330 0.009832830 -0.084009461 88.627182007
-0.092342913 0.024257064 0.995431721 39.827350616 0.013099818 0.999646246 -0.023144536 -2.334927797 -0.995640993 0.010902738 -0.092628002 88.555717468
-0.100087702 0.022962371 0.994713664 40.557834625 0.014631330 0.999659479 -0.021604352 -2.362786770 -0.994870961 0.012391646 -0.100389607 88.485061646
-0.105497561 0.021414662 0.994188905 41.277198792 0.017492523 0.999653339 -0.019676156 -2.388943434 -0.994265676 0.015315087 -0.105835587 88.408050537
-0.109112129 0.019720761 0.993833840 41.989028931 0.020147311 0.999641597 -0.017624054 -2.415783644 -0.993825257 0.018100077 -0.109470353 88.324226379
-0.111333951 0.018667081 0.993607700 42.688747406 0.021838689 0.999628067 -0.016333155 -2.438446045 -0.993543088 0.019880665 -0.111700237 88.231872559
-0.113092899 0.017992690 0.993421435 43.372253418 0.022130204 0.999633551 -0.015585859 -2.458257675 -0.993337989 0.020221975 -0.113449648 88.156555176
-0.113411278 0.018442746 0.993376911 44.054325104 0.022814523 0.999612391 -0.015953831 -2.479915142 -0.993286192 0.020854089 -0.113788106 88.073608398
-0.113122478 0.019503301 0.993389606 44.705738068 0.023537647 0.999579430 -0.016944470 -2.501593828 -0.993302226 0.021465253 -0.113533944 88.015701294
-0.109992646 0.020923477 0.993712187 45.320869446 0.024517134 0.999531150 -0.018332237 -2.527141094 -0.993629992 0.022346560 -0.110454068 87.937194824
-0.104774401 0.021511544 0.994263351 45.938690186 0.024555640 0.999517143 -0.019037563 -2.547979593 -0.994192779 0.022420127 -0.105252020 87.875297546
-0.096963823 0.022265399 0.995038867 46.530094147 0.024063900 0.999509811 -0.020020485 -2.570393085 -0.994996965 0.022003250 -0.097452089 87.826538086
-0.085892417 0.022025300 0.996061027 47.122943878 0.022724906 0.999538660 -0.020142587 -2.595799446 -0.996045291 0.020905301 -0.086353332 87.786270142
-0.072226867 0.022029446 0.997144997 47.668102264 0.021338373 0.999561131 -0.020537216 -2.622844934 -0.997159958 0.019794105 -0.072665259 87.752998352
-0.054945700 0.023504950 0.998212755 48.203231812 0.020748459 0.999533772 -0.022393983 -2.643873692 -0.998273730 0.019480925 -0.055407766 87.733978271
-0.033827089 0.025908984 0.999091864 48.729438782 0.018675681 0.999505639 -0.025287401 -2.669599056 -0.999253213 0.017803315 -0.034294233 87.738716125
-0.009142112 0.028891381 0.999540806 49.262508392 0.016835412 0.999445260 -0.028734645 -2.693491459 -0.999816477 0.016564980 -0.009623440 87.742759705
0.019157641 0.030642638 0.999346912 49.780044556 0.015183311 0.999406040 -0.030935528 -2.715194702 -0.999701202 0.015766051 0.018681001 87.774597168
0.051999107 0.030338610 0.998186231 50.291534424 0.013087985 0.999431908 -0.031058272 -2.734203815 -0.998561323 0.014679249 0.051572483 87.827293396
0.090614639 0.027718078 0.995500207 50.782138824 0.011951922 0.999510229 -0.028917650 -2.756265163 -0.995814264 0.014518501 0.090238973 87.884399414
0.132727310 0.024039436 0.990861058 51.282459259 0.009638787 0.999627233 -0.025543248 -2.777802467 -0.991105735 0.012940993 0.132446125 87.973915100
0.178065747 0.019919388 0.983816981 51.765331268 0.007116475 0.999742866 -0.021529887 -2.793599606 -0.983992875 0.010835046 0.177878201 88.088668823
0.226347789 0.016353678 0.973909259 52.258308411 0.001881239 0.999849796 -0.017226491 -2.818192720 -0.974044740 0.005731334 0.226283044 88.233489990
0.278521895 0.014912937 0.960314155 52.729671478 -0.001891987 0.999885976 -0.014978720 -2.835011244 -0.960428059 0.002354996 0.278518349 88.387817383
0.333667725 0.014446651 0.942580223 53.185470581 -0.002811173 0.999893308 -0.014329934 -2.850605488 -0.942686558 0.002131677 0.333672702 88.580177307
0.392407835 0.015603947 0.919659138 53.630149841 -0.000582023 0.999860108 -0.016716383 -2.858388186 -0.919791222 0.006024375 0.392361939 88.791091919
0.451928109 0.019384988 0.891843796 54.042854309 0.000016602 0.999763668 -0.021739133 -2.869349480 -0.892054439 0.009839335 0.451820970 89.038391113
0.509883285 0.022032853 0.859961450 54.410430908 0.001432200 0.999648750 -0.026460914 -2.893247128 -0.860242426 0.014723615 0.509672701 89.313560486
0.568414807 0.026610533 0.822311699 54.777507782 -0.002708934 0.999531865 -0.030472964 -2.903223038 -0.822737753 0.015093696 0.568220854 89.610595703
0.624897718 0.029036064 0.780166507 55.119400024 -0.006111698 0.999459386 -0.032302313 -2.919525385 -0.780682683 0.015417498 0.624737501 89.926925659
0.677930593 0.030246468 0.734503508 55.447750092 -0.007940627 0.999396205 -0.033825591 -2.932404757 -0.735083044 0.017098984 0.677761555 90.271392822
0.724873841 0.027919794 0.688315749 55.684989929 -0.007425238 0.999436915 -0.032720041 -2.948174238 -0.688841701 0.018606991 0.724673033 90.615180969
0.770431459 0.025299883 0.637020648 55.955257416 -0.009965204 0.999568045 -0.027646594 -2.957255363 -0.637445033 0.014951766 0.770350814 90.998916626
0.811680555 0.020657990 0.583736360 56.193248749 -0.010430670 0.999727726 -0.020875856 -2.965340137 -0.584008634 0.010855759 0.811674893 91.404151917
0.848282695 0.018184450 0.529231369 56.411178589 -0.012633741 0.999820709 -0.014103860 -2.974830151 -0.529393077 0.005277888 0.848360300 91.825363159
0.879494905 0.014969658 0.475672841 56.620609283 -0.013367289 0.999887943 -0.006751524 -2.982148647 -0.475720644 -0.000420528 0.879596353 92.282218933
0.904432714 0.015975609 0.426317036 56.775955200 -0.017130155 0.999852657 -0.001126349 -2.989412785 -0.426272333 -0.006284170 0.904573083 92.739311218
0.924899757 0.014925620 0.379917711 56.909038544 -0.017635046 0.999837816 0.003651978 -3.015865803 -0.379801571 -0.010077581 0.925013125 93.141098022
0.940127254 0.020993035 0.340176463 57.025096893 -0.024614323 0.999676943 0.006333016 -3.020784855 -0.339933574 -0.014327056 0.940340340 93.596443176
0.952011108 0.025336748 0.305012882 57.134204865 -0.028322684 0.999584377 0.005367936 -3.019694805 -0.304750144 -0.013749115 0.952333152 94.051071167
0.961236238 0.027779978 0.274323106 57.238231659 -0.030535141 0.999516964 0.005777576 -3.021785259 -0.274030119 -0.013930107 0.961620390 94.510650635
0.967362225 0.022051379 0.252436072 57.350158691 -0.024310751 0.999687433 0.005834429 -3.023582935 -0.252228498 -0.011780917 0.967596054 94.979919434
0.971287012 0.019583067 0.237103119 57.457447052 -0.021742588 0.999742508 0.006496213 -3.030069351 -0.236914769 -0.011464924 0.971462846 95.461853027
0.974159956 0.023462061 0.224637106 57.549827576 -0.025635131 0.999648511 0.006761590 -3.036015511 -0.224399492 -0.012345472 0.974419057 95.949600220
0.976232231 0.028835947 0.214799762 57.639739990 -0.031061098 0.999493062 0.006990321 -3.030313492 -0.214489236 -0.013496093 0.976633072 96.462585449
0.977192283 0.036490910 0.209197253 57.724399567 -0.038519267 0.999242008 0.005628557 -3.028744221 -0.208833262 -0.013558304 0.977857351 96.979614258
0.977741182 0.042450175 0.205475360 57.836242676 -0.043881603 0.999033868 0.002412429 -3.037763834 -0.205174431 -0.011375321 0.978659391 97.466239929
0.977874577 0.043705784 0.204575524 57.952629089 -0.044544663 0.999007285 -0.000504952 -3.039251328 -0.204394519 -0.008618963 0.978850722 97.966827393
0.977407753 0.042351399 0.207075819 58.067863464 -0.042409331 0.999091625 -0.004161339 -3.044926167 -0.207063943 -0.004714620 0.978316188 98.507102966
0.976642787 0.041247401 0.210873470 58.193111420 -0.039931651 0.999147296 -0.010495726 -3.050407410 -0.211126596 0.001830049 0.977457047 99.053771973
0.975746334 0.041000124 0.215030640 58.313133240 -0.038566504 0.999135733 -0.015502770 -3.049814939 -0.215480447 0.006833793 0.976484239 99.624397278
0.974530101 0.046250772 0.219435990 58.435302734 -0.044050414 0.998918056 -0.014912220 -3.063247204 -0.219888255 0.004866162 0.975512981 100.201080322
0.972985923 0.049752556 0.225440115 58.556514740 -0.048555817 0.998761475 -0.010853480 -3.075066090 -0.225700915 -0.000386144 0.974196613 100.800315857
0.972046077 0.046124328 0.230214894 58.698341370 -0.045889117 0.998926222 -0.006378639 -3.085841179 -0.230261892 -0.004364023 0.973119020 101.402786255
0.971463442 0.040939908 0.233629271 58.867290497 -0.041871384 0.999122441 -0.000973609 -3.089784384 -0.233464107 -0.008836555 0.972325265 102.005317688
0.970648170 0.038374200 0.237422779 59.021057129 -0.040367950 0.999178529 0.003539688 -3.094858170 -0.237091869 -0.013020066 0.971399963 102.634040833
0.970060050 0.034093585 0.240460217 59.180374146 -0.036184750 0.999335825 0.004285280 -3.099891663 -0.240154386 -0.012857975 0.970649540 103.271270752
0.970127702 0.030420296 0.240679979 59.343868256 -0.031609353 0.999499559 0.001080432 -3.105009079 -0.240526646 -0.008655897 0.970603943 103.913955688
0.970263481 0.029918142 0.240194991 59.503860474 -0.029325534 0.999551535 -0.006041870 -3.111734867 -0.240268037 -0.001181642 0.970705867 104.557609558
0.970390975 0.032293364 0.239371181 59.660789490 -0.030183043 0.999466360 -0.012477584 -3.120991707 -0.239646360 0.004883183 0.970847905 105.216735840
0.970949888 0.035273124 0.236668542 59.820701599 -0.032334212 0.999344289 -0.016288992 -3.127073765 -0.237087920 0.008163302 0.971453905 105.888114929
0.971620083 0.033602297 0.234148070 59.986442566 -0.031679355 0.999426484 -0.011969873 -3.135492802 -0.234415948 0.004212510 0.972127318 106.562744141
0.972123563 0.029297374 0.232631564 60.159332275 -0.029087739 0.999567389 -0.004332289 -3.147057533 -0.232657835 -0.002555203 0.972555399 107.272720337
0.972636282 0.029712461 0.230425298 60.321655273 -0.030891759 0.999521494 0.001511126 -3.160498381 -0.230270147 -0.008588018 0.973088861 107.995758057
0.972863853 0.033626471 0.228921577 60.476978302 -0.034749031 0.999395549 0.000873348 -3.169048786 -0.228753865 -0.008804452 0.973444521 108.720756531
0.973163366 0.039238460 0.226745322 60.636016846 -0.039420385 0.999215722 -0.003727606 -3.174101591 -0.226713762 -0.005310813 0.973946989 109.458152771
0.974086404 0.039859235 0.222636014 60.802864075 -0.038806554 0.999205291 -0.009102810 -3.182339907 -0.222821891 0.000227185 0.974859118 110.183158875
0.975058734 0.038403571 0.218599051 60.973201752 -0.036664274 0.999255419 -0.012008998 -3.190383434 -0.218897507 0.003694697 0.975740850 110.943565369
0.975964129 0.036387216 0.214872077 61.138782501 -0.034962784 0.999334157 -0.010427430 -3.203039169 -0.215108424 0.002664267 0.976586580 111.714752197
0.976811111 0.032573778 0.211610898 61.301544189 -0.031521384 0.999468148 -0.008345590 -3.218528271 -0.211770192 0.001481794 0.977318347 112.492904663
0.977274954 0.030964844 0.209701538 61.469474792 -0.030504899 0.999519885 -0.005428149 -3.233771086 -0.209768936 -0.001092133 0.977750361 113.280746460
0.977612495 0.028023273 0.208538964 61.639965057 -0.027953748 0.999603808 -0.003281088 -3.240052462 -0.208548322 -0.002621814 0.978008509 114.065208435
0.977824688 0.023138041 0.208143309 61.812854767 -0.023189008 0.999728680 -0.002195519 -3.247281551 -0.208137661 -0.002679805 0.978095829 114.863151550
0.977926731 0.023759000 0.207592964 61.981246948 -0.024143424 0.999708354 -0.000681948 -3.252673626 -0.207548603 -0.004345114 0.978215039 115.681411743
0.977683425 0.029236488 0.208039299 62.143653870 -0.029335888 0.999566257 -0.002608129 -3.266170025 -0.208025321 -0.003553092 0.978116930 116.500190735
0.977374017 0.035013113 0.208600760 62.302024841 -0.034542449 0.999385774 -0.005899866 -3.276657581 -0.208679229 -0.001439210 0.977983057 117.298393250
0.976896703 0.043735877 0.209188759 62.472373962 -0.043161541 0.999041259 -0.007311972 -3.288980484 -0.209307969 -0.001885865 0.977847993 118.127182007
0.975943089 0.049864598 0.212246254 62.634864807 -0.049550325 0.998748302 -0.006802876 -3.298752069 -0.212319836 -0.003877651 0.977192581 118.955947876
0.975131452 0.052341491 0.215357736 62.802257538 -0.052555513 0.998606741 -0.004736449 -3.315724373 -0.215305597 -0.006699576 0.976523757 119.788299561
0.974618435 0.052579314 0.217610925 62.986907959 -0.052637804 0.998598397 -0.005532092 -3.331963062 -0.217596740 -0.006062879 0.976019979 120.614242554
0.974204898 0.051430095 0.219726205 63.165687561 -0.050828476 0.998672128 -0.008394278 -3.343769073 -0.219866142 -0.002990600 0.975525498 121.448822021
0.974235177 0.045489430 0.220899433 63.365699768 -0.045071885 0.998959661 -0.006932966 -3.358479261 -0.220984995 -0.003202009 0.975272000 122.282684326
0.974501252 0.038644031 0.221029818 63.561141968 -0.037732001 0.999252975 -0.008348565 -3.375676632 -0.221187323 -0.000204209 0.975231349 123.115425110
0.974258780 0.038008489 0.222205445 63.749446869 -0.037036616 0.999277532 -0.008540574 -3.392166853 -0.222369492 0.000090992 0.974962473 123.940170288
0.973662436 0.041022725 0.224273562 63.933277130 -0.040832840 0.999150932 -0.005486528 -3.408527851 -0.224308223 -0.003815698 0.974510849 124.775985718
0.973208964 0.043454938 0.225778833 64.116592407 -0.044633441 0.999003351 0.000115289 -3.420215845 -0.225548789 -0.010189483 0.974178612 125.622573853
0.972924352 0.045921981 0.226515874 64.301254272 -0.048150539 0.998830676 0.004319976 -3.434765100 -0.226052642 -0.015109874 0.973997891 126.443374634
0.972678125 0.045406129 0.227674156 64.487701416 -0.046152234 0.998932242 -0.002048470 -3.449263811 -0.227524072 -0.008515170 0.973735273 127.270645142
0.972980082 0.041161448 0.227190375 64.683494568 -0.038475290 0.999127448 -0.016241182 -3.470391035 -0.227660701 0.007061132 0.973714888 128.077651978
