1.000000000 0.000000000 0.000000000 0.000000000 0.000000000 1.000000000 0.000000000 0.000000000 0.000000000 0.000000000 1.000000000 0.000000000
0.999448419 -0.002038487 -0.033146288 -0.037442088 0.001992079 0.999996960 -0.001433062 -0.002673855 0.033149108 0.001366242 0.999449492 0.743942976
0.997983098 -0.007007404 -0.063092455 -0.086989775 0.006622848 0.999958158 -0.006302211 -0.008658092 0.063133985 0.005871648 0.997987747 1.503931880
0.995849729 -0.010730841 -0.090378098 -0.163665727 0.009702857 0.999883235 -0.011805989 -0.013607046 0.090494260 0.010880066 0.995837510 2.284689903
0.992972136 -0.013870072 -0.117532745 -0.259694457 0.012352806 0.999830902 -0.013627974 -0.017160892 0.117701896 0.012080341 0.992975473 3.084573030
0.989542484 -0.019769320 -0.142880708 -0.378579110 0.018378140 0.999770045 -0.011049960 -0.030699311 0.143066332 0.008308522 0.989678204 3.903346062
0.985681176 -0.022717778 -0.167082191 -0.525562406 0.021812612 0.999735773 -0.007250908 -0.037972990 0.167202741 0.003502584 0.985916257 4.740120888
0.981813729 -0.021583863 -0.188616261 -0.697661281 0.021258324 0.999767005 -0.003748974 -0.045582362 0.188653246 -0.000328870 0.982043624 5.586005688
0.978252828 -0.021844951 -0.206262320 -0.877995849 0.021442834 0.999761343 -0.004185088 -0.058632404 0.206304520 -0.000328774 0.978487790 6.455883026
0.975688815 -0.015950488 -0.218579143 -1.093322635 0.014912303 0.999868333 -0.006398680 -0.064835176 0.218652397 0.002983602 0.975798249 7.340731144
0.974227786 -0.009343297 -0.225372508 -1.321940184 0.007291650 0.999924123 -0.009934040 -0.072481088 0.225448251 0.008034681 0.974222064 8.242614746
0.973324120 -0.006721342 -0.229335845 -1.549458861 0.004259495 0.999927938 -0.011228016 -0.078598678 0.229394794 0.009951644 0.973282576 9.172370911
0.972988546 -0.008530642 -0.230695799 -1.767360091 0.006415407 0.999930263 -0.009917519 -0.090965457 0.230764315 0.008169625 0.972975373 10.130027771
0.972743452 -0.009209093 -0.231700778 -2.000659943 0.007360789 0.999933779 -0.008840384 -0.101732552 0.231766835 0.006893925 0.972746909 11.101039886
0.972466230 -0.011456111 -0.232762322 -2.237191439 0.009869340 0.999919415 -0.007980629 -0.115377456 0.232835010 0.005463681 0.972500920 12.090558052
0.972205400 -0.010734878 -0.233883470 -2.491088390 0.009139620 0.999927044 -0.007903541 -0.120893516 0.233951271 0.005546259 0.972232461 13.106912613
0.971850395 -0.010074249 -0.235383451 -2.736082792 0.008923163 0.999942601 -0.005954925 -0.130123466 0.235429928 0.003686932 0.971884310 14.141119957
0.971511960 -0.008812787 -0.236826658 -2.993123293 0.007914378 0.999957442 -0.004743969 -0.140236080 0.236858368 0.002734486 0.971540391 15.185303688
0.971232474 -0.006206197 -0.238052636 -3.263599634 0.005362756 0.999976873 -0.004190553 -0.144964099 0.238073140 0.002793382 0.971243262 16.243734360
0.970856786 -0.004967847 -0.239608988 -3.532629967 0.004865324 0.999987662 -0.001019386 -0.159648195 0.239611074 -0.000176098 0.970868945 17.334920883
0.970333636 -0.004372831 -0.241730347 -3.797344923 0.004493367 0.999989927 -0.000052635 -0.171483159 0.241728172 -0.001035110 0.970343411 18.426856995
0.969853818 -0.004748659 -0.243641078 -4.064943314 0.004540331 0.999988616 -0.001416628 -0.176956072 0.243645057 0.000267711 0.969864428 19.477067947
0.969244421 -0.005483672 -0.246038690 -4.348415375 0.004749560 0.999982238 -0.003577035 -0.185393274 0.246053949 0.002298446 0.969253421 20.567646027
0.968477309 -0.006961180 -0.249004200 -4.633254051 0.006153842 0.999972939 -0.004020553 -0.197429627 0.249025464 0.002361482 0.968493998 21.684394836
0.967656255 -0.007644735 -0.252156317 -4.923205853 0.007239000 0.999970555 -0.002536703 -0.209218904 0.252168357 0.000629296 0.967683196 22.820930481
0.966781497 -0.008086876 -0.255476266 -5.218704700 0.008424785 0.999964416 0.000228350 -0.219752505 0.255465388 -0.002373097 0.966815233 23.951910019
0.966025352 -0.007656927 -0.258333802 -5.515999794 0.009276649 0.999944210 0.005051518 -0.229667366 0.258280724 -0.007276366 0.966042459 25.081521988
0.965072453 -0.006980813 -0.261889964 -5.829521179 0.010542776 0.999870002 0.012198398 -0.231121600 0.261770725 -0.014533387 0.965020597 26.237848282
0.963972449 -0.008961518 -0.265851289 -6.142005920 0.013562896 0.999788225 0.015477211 -0.228013337 0.265656292 -0.018525317 0.963889778 27.390483856
0.963181436 -0.010863137 -0.268632531 -6.470116615 0.013745473 0.999866366 0.008851119 -0.227550507 0.268500477 -0.012217715 0.963202119 28.525382996
0.962382615 -0.012975276 -0.271387607 -6.777447701 0.012226122 0.999915361 -0.004451085 -0.234302610 0.271422356 0.000965629 0.962459862 29.661661148
0.961844146 -0.013005004 -0.273288727 -7.107777119 0.009084790 0.999836922 -0.015605226 -0.256200612 0.273447156 0.012527026 0.961805403 30.789985657
0.961264491 -0.008761999 -0.275488257 -7.448855400 0.004739221 0.999872267 -0.015264655 -0.283522785 0.275586784 0.013367772 0.961183310 31.919931412
0.960401773 -0.003961154 -0.278590530 -7.792444229 0.002831960 0.999985993 -0.004455573 -0.309141278 0.278604329 0.003490184 0.960399747 33.081127167
0.959142745 -0.000316174 -0.282921910 -8.128086090 0.002024996 0.999981523 0.005747494 -0.322346568 0.282914877 -0.006085584 0.959125698 34.236618042
0.957690656 0.002050362 -0.287792236 -8.477769852 0.000408028 0.999963880 0.008481996 -0.327544361 0.287799299 -0.008240555 0.957655251 35.364341736
0.956049025 0.001279363 -0.293203712 -8.825878143 0.000967788 0.999971271 0.007518934 -0.333452016 0.293204904 -0.007472230 0.956020355 36.488014221
0.954522669 0.001082003 -0.298136175 -9.182376862 0.000804833 0.999980450 0.006205934 -0.337059677 0.298137069 -0.006163655 0.954503179 37.610214233
0.952669442 0.000320202 -0.304007858 -9.544445038 0.001951417 0.999972403 0.007168394 -0.350071728 0.304001778 -0.007422355 0.952642500 38.752422333
0.951035500 0.001083763 -0.309079409 -9.927210808 0.001318536 0.999970496 0.007563443 -0.347836882 0.309078544 -0.007600635 0.951006055 39.870117188
0.949210286 0.000982226 -0.314640701 -10.265528679 0.001732540 0.999963641 0.008348365 -0.357329130 0.314637423 -0.008469480 0.949174106 40.948802948
0.947588086 -0.000434808 -0.319494396 -10.644726753 0.003719029 0.999946356 0.009669414 -0.361276895 0.319473058 -0.010350829 0.947538793 42.052402496
0.945645511 -0.001591664 -0.325195312 -11.025079727 0.005364452 0.999928355 0.010705319 -0.364322037 0.325154901 -0.011867933 0.945586264 43.161003113
0.943632483 -0.002309904 -0.330987036 -11.408874512 0.006047065 0.999929070 0.010261630 -0.367067397 0.330939859 -0.011684706 0.943579495 44.256511688
0.941908002 -0.005028082 -0.335833400 -11.806688309 0.008912074 0.999910116 0.010024981 -0.370126307 0.335752815 -0.012435580 0.941868067 45.349502563
0.939872801 -0.004674330 -0.341493011 -12.198352814 0.008410395 0.999920011 0.009460651 -0.365947068 0.341421396 -0.011763899 0.939836740 46.454551697
0.938103974 -0.005464321 -0.346310943 -12.600758553 0.009572384 0.999902666 0.010153017 -0.373490632 0.346221715 -0.012839607 0.938064873 47.532752991
0.936434269 -0.006518886 -0.350782692 -13.009197235 0.010165880 0.999911785 0.008556195 -0.377519846 0.350695908 -0.011578328 0.936417818 48.613460541
0.934879541 -0.011494746 -0.354779005 -13.410873413 0.014768398 0.999869645 0.006520752 -0.393011302 0.354657769 -0.011335636 0.934927523 49.688743591
0.933208168 -0.012791258 -0.359108299 -13.815832138 0.016186887 0.999848187 0.006450482 -0.393230855 0.358971238 -0.011832489 0.933273613 50.742706299
0.931206882 -0.014679410 -0.364195496 -14.228466034 0.019113423 0.999780476 0.008573308 -0.403930247 0.363989681 -0.014944544 0.931283116 51.813446045
0.929416656 -0.017432511 -0.368619859 -14.660966873 0.021506881 0.999744654 0.006946995 -0.407788098 0.368404567 -0.014384517 0.929554284 52.867252350
0.927427828 -0.020246573 -0.373453528 -15.076717377 0.024468094 0.999679089 0.006566597 -0.420818627 0.373200715 -0.015227742 0.927625656 53.898880005
0.925855637 -0.019253613 -0.377386600 -15.485877991 0.024356646 0.999665022 0.008753822 -0.427508980 0.377091706 -0.017296648 0.926014423 54.923442841
0.924229026 -0.020484541 -0.381288677 -15.916327477 0.026357239 0.999600708 0.010185892 -0.432093799 0.380927801 -0.019463811 0.924399972 55.967979431
0.922673643 -0.021464126 -0.384983927 -16.355407715 0.027134156 0.999588490 0.009300848 -0.436674953 0.384625882 -0.019027863 0.922876418 57.017288208
0.921367466 -0.021432759 -0.388101369 -16.794527054 0.026276106 0.999628961 0.007176328 -0.443975866 0.387803584 -0.016809827 0.921588778 58.054782867
0.919807315 -0.020469964 -0.391836226 -17.235361099 0.024546117 0.999684155 0.005395609 -0.449637413 0.391602039 -0.014580977 0.920019150 59.104858398
0.918865979 -0.020343328 -0.394044966 -17.681320190 0.024533750 0.999683261 0.005599222 -0.460801601 0.393806219 -0.014812336 0.919074118 60.118148804
0.917850018 -0.020416513 -0.396401882 -18.142848969 0.024732236 0.999677420 0.005778376 -0.468170911 0.396155983 -0.015107588 0.918058932 61.155288696
0.916302025 -0.021823904 -0.399892718 -18.597339630 0.026024740 0.999648392 0.005077105 -0.472749382 0.399641305 -0.015059269 0.916547835 62.202205658
0.914702237 -0.024135932 -0.403407037 -19.047039032 0.027951550 0.999602914 0.003572072 -0.481232464 0.403160661 -0.014543234 0.915013611 63.235569000
0.913177490 -0.022927213 -0.406916589 -19.521196365 0.026355123 0.999648690 0.002820600 -0.487107515 0.406708986 -0.013300045 0.913460970 64.311065674
0.911988020 -0.023616178 -0.409536362 -19.980354309 0.027497964 0.999615550 0.003591193 -0.497628868 0.409294069 -0.014536543 0.912286699 65.344352722
0.910555542 -0.021258665 -0.412839741 -20.458566666 0.024966890 0.999681950 0.003589383 -0.502577305 0.412632048 -0.013575655 0.910796642 66.385162354
0.909212649 -0.020222146 -0.415840447 -20.945743561 0.024234619 0.999696732 0.004372856 -0.518476963 0.415625840 -0.014053592 0.909427166 67.432670593
0.907735288 -0.019875893 -0.419072211 -21.429325104 0.023770208 0.999709189 0.004073143 -0.526108503 0.418869317 -0.013658765 0.907943845 68.476707458
0.906178057 -0.020609617 -0.422393829 -21.922868729 0.024658369 0.999687433 0.004123390 -0.536142230 0.422176808 -0.014152065 0.906403005 69.547668457
0.904620409 -0.021357212 -0.425682694 -22.417556763 0.025448989 0.999668419 0.003926742 -0.544178545 0.425457656 -0.014385404 0.904863834 70.596298218
0.903220832 -0.021476630 -0.428638399 -22.924270630 0.026008684 0.999650538 0.004718333 -0.550270557 0.428387254 -0.015410016 0.903463781 71.643173218
0.901725769 -0.019867310 -0.431851566 -23.427091599 0.024510991 0.999686122 0.005189562 -0.556162715 0.431612909 -0.015264673 0.901929677 72.684082031
0.900097132 -0.019718319 -0.435242951 -23.946601868 0.025204260 0.999658883 0.006834543 -0.564726770 0.434959769 -0.017121729 0.900287032 73.741378784
0.898550570 -0.018005280 -0.438500524 -24.464059830 0.023434894 0.999700963 0.006972712 -0.572430491 0.438243955 -0.016541546 0.898703873 74.808425903
0.897014976 -0.016646493 -0.441686660 -24.990118027 0.021487610 0.999751329 0.005959772 -0.573864520 0.441477686 -0.014836797 0.897149622 75.863288879
0.895634532 -0.014669666 -0.444548726 -25.530073166 0.018549919 0.999818325 0.004379601 -0.581404209 0.444403738 -0.012168866 0.895743966 76.914169312
0.894268751 -0.012998601 -0.447341621 -26.072616577 0.016116479 0.999865055 0.003164503 -0.589522839 0.447240144 -0.010039486 0.894357562 77.978576660
0.892519653 -0.010252409 -0.450891912 -26.601764679 0.013198395 0.999907076 0.003389658 -0.598294675 0.450815380 -0.008976385 0.892572105 79.030776978
0.890819490 -0.007479426 -0.454295993 -27.150901794 0.010710950 0.999932289 0.004540215 -0.601236701 0.454231352 -0.008910454 0.890839159 80.090217590
0.889215827 -0.006179843 -0.457446218 -27.703231812 0.010263538 0.999926448 0.006442528 -0.614691615 0.457372874 -0.010423814 0.889213920 81.149375916
0.887307525 -0.005134901 -0.461149484 -28.263504028 0.009201294 0.999936044 0.006570116 -0.618760884 0.461086243 -0.010072885 0.887298167 82.204597473
0.884899199 -0.006500966 -0.465737253 -28.820705414 0.010281292 0.999931574 0.005576933 -0.632290542 0.465669066 -0.009723404 0.884905517 83.275001526
0.882640660 -0.006870437 -0.469998121 -29.390247345 0.010597179 0.999929905 0.005284158 -0.641446590 0.469928831 -0.009644667 0.882651627 84.341461182
0.880548000 -0.006444404 -0.473913223 -29.962314606 0.010687910 0.999923289 0.006261291 -0.646922529 0.473836511 -0.010578509 0.880549312 85.380493164
0.878387094 -0.004036045 -0.477932930 -30.544996262 0.010131518 0.999896884 0.010176672 -0.657848477 0.477842569 -0.013781242 0.878337383 86.426826477
0.875450194 -0.002305516 -0.483302861 -31.128242493 0.009517333 0.999877095 0.012469861 -0.658844829 0.483214647 -0.015516495 0.875364423 87.510528564
0.872840106 -0.000276214 -0.488006204 -31.724292755 0.007517485 0.999888778 0.012879713 -0.653698325 0.487948328 -0.014910508 0.872745156 88.555892944
0.870010793 0.000515774 -0.493032366 -32.326538086 0.005972689 0.999915123 0.011585518 -0.652342319 0.492996484 -0.013024255 0.869933844 89.619117737
0.867229819 -0.000946750 -0.497907221 -32.924404144 0.006890296 0.999925375 0.010099854 -0.655728638 0.497860491 -0.012189622 0.867171466 90.658752441
0.864496768 -0.000706815 -0.502637923 -33.536289215 0.005592789 0.999950647 0.008213002 -0.653716326 0.502607286 -0.009911261 0.864458025 91.699493408
0.861530662 -0.002447896 -0.507699549 -34.155506134 0.007057963 0.999949515 0.007155568 -0.656072021 0.507656336 -0.009748068 0.861504436 92.751899719
0.858896673 -0.001725796 -0.512145936 -34.791156769 0.006594799 0.999948680 0.007690272 -0.649760783 0.512106419 -0.009982648 0.858863950 93.808052063
0.856525064 0.001714930 -0.516102612 -35.428451538 0.003937605 0.999943733 0.009857520 -0.649564981 0.516090393 -0.010475421 0.856470108 94.827514648
0.853796721 0.005560262 -0.520576775 -36.093788147 0.001439002 0.999913871 0.013040151 -0.652635932 0.520604551 -0.011882748 0.853715181 95.918441772
0.851400018 0.007937541 -0.524456859 -36.756652832 0.000094216 0.999883115 0.015285965 -0.649222136 0.524516940 -0.013063883 0.851299763 96.979324341
0.849041820 0.008015648 -0.528264880 -37.425979614 0.000126642 0.999881744 0.015375292 -0.647303462 0.528325617 -0.013121165 0.848940492 98.030364990
0.845981777 0.004087393 -0.533196151 -38.079780579 0.003885383 0.999896824 0.013829685 -0.649890304 0.533197641 -0.013771333 0.845878601 99.077682495
0.842806160 -0.000233083 -0.538217127 -38.745361328 0.008285132 0.999887049 0.012540855 -0.646917343 0.538153410 -0.015028709 0.842712879 100.125724792
0.839479029 -0.002617204 -0.543385625 -39.428001404 0.011197577 0.999859333 0.012483388 -0.644036651 0.543276548 -0.016564148 0.839390397 101.182128906
0.836141765 -0.005627502 -0.548484623 -40.098197937 0.015928529 0.999774754 0.014024597 -0.662256956 0.548282146 -0.020463105 0.836043060 102.228538513
0.833036721 -0.004485129 -0.553199470 -40.782333374 0.015312792 0.999770939 0.014953043 -0.657155991 0.553005695 -0.020927465 0.832914531 103.245697021
0.830396771 -0.002806033 -0.557165504 -41.480422974 0.015068778 0.999734640 0.017423503 -0.651929617 0.556968808 -0.022864223 0.830218673 104.274467468
0.827693284 -0.002851822 -0.561173439 -42.173007965 0.016414125 0.999682248 0.019129459 -0.654225349 0.560940564 -0.025044497 0.827477098 105.298225403
0.825860679 -0.004039734 -0.563859761 -42.869087219 0.016267514 0.999728858 0.016663831 -0.648777127 0.563639462 -0.022934599 0.825702488 106.283828735
0.823792160 -0.008814893 -0.566823304 -43.571754456 0.019057097 0.999744594 0.012149194 -0.643329859 0.566571355 -0.020810422 0.823749781 107.297599792
0.821935534 -0.010784196 -0.569478393 -44.278392792 0.018714795 0.999792218 0.008078272 -0.645558119 0.569272876 -0.017297490 0.821966648 108.299118042
0.820007145 -0.011872089 -0.572230160 -45.002029419 0.019547123 0.999782562 0.007268532 -0.650670707 0.572019339 -0.017145701 0.820060909 109.326316833
0.817567587 -0.010375840 -0.575739205 -45.717227936 0.021151012 0.999704003 0.012018654 -0.660709620 0.575444043 -0.022003526 0.817544997 110.360519409
0.815867424 -0.007978414 -0.578184009 -46.417968750 0.020599654 0.999671161 0.015273332 -0.659937143 0.577871978 -0.024371404 0.815763414 111.338653564
0.813860714 -0.007399324 -0.581012905 -47.139991760 0.020436535 0.999664783 0.015895773 -0.654006124 0.580700457 -0.024810838 0.813739002 112.339645386
0.811509132 -0.007381066 -0.584293246 -47.869262695 0.019728990 0.999696195 0.014772432 -0.648841023 0.584006608 -0.023515474 0.811408162 113.354202271
0.809768856 -0.007670212 -0.586698771 -48.604907990 0.020233989 0.999684811 0.014857815 -0.649670482 0.586399913 -0.023902649 0.809668899 114.350418091
0.807266057 -0.009356815 -0.590113521 -49.317855835 0.021624805 0.999671876 0.013731648 -0.652983665 0.589791358 -0.023846187 0.807203531 115.310249329
0.803975761 -0.011854092 -0.594543874 -50.054153442 0.023019915 0.999672353 0.011197233 -0.651804805 0.594216347 -0.022688653 0.803985178 116.304824829
0.800932646 -0.015144642 -0.598562956 -50.803886414 0.025461402 0.999637246 0.008777221 -0.651739001 0.598212838 -0.022270214 0.801027834 117.289215088
0.797837973 -0.014950982 -0.602686346 -51.539535522 0.025778864 0.999624133 0.009328232 -0.664883852 0.602320313 -0.022978989 0.797923625 118.268348694
0.795040548 -0.013103190 -0.606414795 -52.297149658 0.025936924 0.999586582 0.012405917 -0.664606810 0.606001556 -0.025591742 0.795051634 119.246131897
0.792243302 -0.010846367 -0.610108912 -53.047290802 0.027111404 0.999480307 0.017436393 -0.668880224 0.609602749 -0.030354772 0.792125702 120.212516785
0.789851844 -0.010779349 -0.613202989 -53.816635132 0.029319149 0.999365926 0.020197667 -0.670054674 0.612596512 -0.033931751 0.789667130 121.170455933
0.786285937 -0.012327187 -0.617739975 -54.570335388 0.031685367 0.999289930 0.020389361 -0.660309076 0.617049813 -0.035605181 0.786118031 122.162544250
0.783919871 -0.014827020 -0.620684981 -55.341941833 0.033417743 0.999273300 0.018335519 -0.650629044 0.619962037 -0.035115462 0.783845603 123.133468628
0.781699777 -0.017542895 -0.623408318 -56.115173340 0.033944335 0.999319434 0.014442092 -0.649174809 0.622730553 -0.032450553 0.781763077 124.090339661
0.779132128 -0.018048607 -0.626599967 -56.891090393 0.032230720 0.999416649 0.011289349 -0.648793697 0.626030684 -0.028991656 0.779259264 125.055755615
0.777425468 -0.016364481 -0.628762186 -57.680244446 0.029961925 0.999490142 0.011032827 -0.653010011 0.628261030 -0.027416121 0.777519464 126.030242920
0.776051521 -0.012874948 -0.630538106 -58.450618744 0.027089149 0.999549508 0.012930910 -0.638696313 0.630087495 -0.027115796 0.776050568 126.953605652
0.774612904 -0.009879292 -0.632358491 -59.235038757 0.024922453 0.999578118 0.014912632 -0.637577772 0.631944418 -0.027311441 0.774532378 127.896850586
0.773352921 -0.008894890 -0.633913398 -60.022205353 0.024151890 0.999589086 0.015438545 -0.640808105 0.633515656 -0.027249651 0.773249924 128.833770752
0.772413850 -0.009380716 -0.635050356 -60.803699493 0.024225263 0.999598444 0.014699588 -0.645084381 0.634657502 -0.026738428 0.772330761 129.756256104
0.770246744 -0.008640182 -0.637687504 -61.580390930 0.021517579 0.999691010 0.012445489 -0.643195868 0.637383044 -0.023307588 0.770194650 130.692230225
0.768219590 -0.010093189 -0.640106738 -62.326877594 0.024094272 0.999623060 0.013154530 -0.645249844 0.639732897 -0.025528468 0.768173397 131.627578735
0.766777515 -0.008186240 -0.641860604 -63.117706299 0.024123607 0.999579787 0.016069900 -0.640525341 0.641459465 -0.027806032 0.766652763 132.564819336
0.765122354 -0.005958300 -0.643857419 -63.902748108 0.024205638 0.999516487 0.019514961 -0.637141705 0.643429935 -0.030516308 0.764896691 133.493148804
0.763426661 -0.007347901 -0.645852685 -64.703880310 0.024940565 0.999524832 0.018109210 -0.630035877 0.645412803 -0.029932987 0.763247192 134.422149658
0.760825515 -0.009080700 -0.648892879 -65.490554810 0.024392001 0.999595642 0.014611077 -0.610877752 0.648497939 -0.026944280 0.760739326 135.350952148
0.758394718 -0.009574524 -0.651725292 -66.286071777 0.023225162 0.999654055 0.012340512 -0.603765249 0.651381731 -0.024495399 0.758354664 136.266372681
0.756127954 -0.009246306 -0.654358447 -67.080505371 0.022703560 0.999668896 0.012108887 -0.602314353 0.654029846 -0.024012135 0.756087601 137.176177979
0.753843069 -0.007743585 -0.657008946 -67.882095337 0.022172026 0.999660909 0.013657760 -0.607843399 0.656680346 -0.024863025 0.753759146 138.073150635
0.751140535 -0.007505693 -0.660099626 -68.673622131 0.024567220 0.999560475 0.016589986 -0.605933666 0.659685016 -0.028678227 0.750994802 138.993423462
0.748813033 -0.005352439 -0.662759542 -69.488174438 0.022838045 0.999581993 0.017730752 -0.596675873 0.662387609 -0.028413154 0.748622179 139.898696899
0.746317565 -0.002251972 -0.665586233 -70.315696716 0.018981494 0.999659538 0.017901536 -0.591131449 0.665319443 -0.025994053 0.746106148 140.804092407
0.743936837 0.000587344 -0.668249726 -71.141494751 0.014433146 0.999752164 0.016946578 -0.591692686 0.668094158 -0.022252129 0.743743896 141.695785522
0.740777969 0.001540040 -0.671748161 -71.944190979 0.011724619 0.999815404 0.015221620 -0.591634512 0.671647608 -0.019151833 0.740623176 142.581405640
0.738169909 0.003240146 -0.674607038 -72.769432068 0.007824331 0.999880016 0.013363992 -0.589159489 0.674569428 -0.015143244 0.738056064 143.461090088
0.735453844 0.004106144 -0.677562356 -73.594207764 0.006945000 0.999883413 0.013597852 -0.590175629 0.677539229 -0.014706265 0.735339582 144.341094971
0.731884897 0.005209541 -0.681408405 -74.424468994 0.007439533 0.999850154 0.015634738 -0.584060907 0.681387722 -0.016512191 0.731736481 145.237564087
0.727958739 0.008289752 -0.685570776 -75.249664307 0.006786535 0.999790788 0.019295359 -0.573662519 0.685587347 -0.018698875 0.727750182 146.109115601
0.724331796 0.010060372 -0.689378202 -76.082580566 0.006885118 0.999738157 0.021823797 -0.562847853 0.689417243 -0.020554118 0.724072814 146.972427368
0.720204413 0.011177028 -0.693671882 -76.904708862 0.005707811 0.999740899 0.022034805 -0.555798054 0.693738401 -0.019828912 0.719954073 147.837829590
0.716391325 0.010154453 -0.697624743 -77.736518860 0.005855827 0.999771357 0.020565778 -0.544809818 0.697674155 -0.018818313 0.716168106 148.690216064
0.713223755 0.010105415 -0.700863600 -78.578514099 0.006022226 0.999770820 0.020543650 -0.541990757 0.700910568 -0.018872976 0.712999463 149.533660889
0.709795952 0.010666061 -0.704326510 -79.426925659 0.005163976 0.999779761 0.020344377 -0.532037973 0.704388320 -0.018077483 0.709584653 150.381668091
0.706500769 0.010801870 -0.707629859 -80.274765015 0.004171960 0.999802649 0.019427150 -0.525035858 0.707699955 -0.016677499 0.706316352 151.223358154
0.703893781 0.012293693 -0.710198820 -81.139366150 0.001018980 0.999831676 0.018317236 -0.511317253 0.710304439 -0.013617067 0.703762829 152.051834106
0.700911582 0.011091214 -0.713161945 -82.008697510 0.003123084 0.999821901 0.018618830 -0.502821684 0.713241339 -0.015277420 0.700752020 152.914031982
0.698172808 0.013716771 -0.715797901 -82.878082275 0.002432184 0.999765337 0.021530703 -0.510937452 0.715925157 -0.016773105 0.697975576 153.756805420
0.695113897 0.015071601 -0.718741536 -83.733856201 0.003288949 0.999703109 0.024144029 -0.502093792 0.718892038 -0.019146757 0.694857895 154.579254150
0.692457199 0.014212265 -0.721318901 -84.592529297 0.006303058 0.999648571 0.025747098 -0.491902351 0.721431434 -0.022375280 0.692124307 155.398681641
0.689218402 0.011274954 -0.724465966 -85.444488525 0.010123813 0.999631464 0.025188643 -0.473928928 0.724483013 -0.024694834 0.688850224 156.219909668
0.685806155 0.009811072 -0.727718115 -86.321449280 0.012577406 0.999600053 0.025329601 -0.455607891 0.727675557 -0.026524002 0.685408473 157.071945190
0.682552576 0.009238582 -0.730778039 -87.190956116 0.014922377 0.999535501 0.026573867 -0.438795567 0.730684102 -0.029043006 0.682097733 157.888595581
0.680069447 0.009995736 -0.733079493 -88.063720703 0.015836632 0.999473453 0.028319551 -0.426703930 0.732976675 -0.030868772 0.679553092 158.686508179
0.676942647 0.006966029 -0.736002803 -88.925071716 0.017844019 0.999505997 0.025872136 -0.413241386 0.735819459 -0.030647201 0.676483929 159.476776123
0.673822403 0.004580767 -0.738879025 -89.796325684 0.017819257 0.999589145 0.022447381 -0.399003983 0.738678455 -0.028291827 0.673464060 160.284439087
0.671263814 0.004844107 -0.741202652 -90.680847168 0.016588468 0.999629915 0.021556253 -0.383135319 0.741032898 -0.026765348 0.670935094 161.067169189
0.668136060 0.007893442 -0.743997276 -91.572677612 0.015795270 0.999567866 0.024789637 -0.370816231 0.743871450 -0.028314488 0.667722702 161.862274170
0.665299416 0.010092090 -0.746508420 -92.465667725 0.012838688 0.999606073 0.024955761 -0.362496376 0.746466339 -0.026187241 0.664907813 162.645935059
0.662303627 0.009541345 -0.749174774 -93.367088318 0.011652458 0.999666810 0.023032852 -0.349601746 0.749144852 -0.023984469 0.661971807 163.441970825
0.658914924 0.010192133 -0.752148509 -94.274681091 0.008706260 0.999737978 0.021174207 -0.330639839 0.752167106 -0.020500399 0.658653498 164.227661133
0.655893981 0.008173820 -0.754808784 -95.195114136 0.009940503 0.999761105 0.019464245 -0.311626673 0.754787683 -0.020269658 0.655656099 165.016723633
0.652707279 0.004022962 -0.757599592 -96.114700317 0.013377212 0.999768853 0.016834002 -0.309740067 0.757492185 -0.021122243 0.652502596 165.808212280
0.649142981 0.002806027 -0.760661244 -97.001968384 0.014852277 0.999755859 0.016362861 -0.307552099 0.760521352 -0.021919392 0.648942828 166.572662354
0.645899475 0.001417601 -0.763421059 -97.920333862 0.018071795 0.999689579 0.017146140 -0.294422150 0.763208568 -0.024871070 0.645673513 167.342926025
0.641703069 -0.000380111 -0.766953051 -98.851562500 0.021507308 0.999615431 0.017499564 -0.286121368 0.766651511 -0.027724624 0.641464591 168.131607056
0.637379050 -0.001808242 -0.770548224 -99.790626526 0.022987291 0.999596715 0.016668789 -0.280155420 0.770207405 -0.028337156 0.637163758 168.920654297
0.634227633 -0.003779264 -0.773137152 -100.738105774 0.023247674 0.999629080 0.014184360 -0.274982929 0.772796810 -0.026969755 0.634080291 169.690124512
0.631257892 -0.003165405 -0.775566399 -101.681549072 0.023277329 0.999618471 0.014866295 -0.272122383 0.775223494 -0.027437586 0.631090760 170.446060181
0.627463162 0.000676007 -0.778645813 -102.645156860 0.021126542 0.999616742 0.017892441 -0.266621113 0.778359592 -0.027676946 0.627208412 171.217803955
0.624136209 0.002694841 -0.781310856 -103.604980469 0.022068821 0.999534190 0.021076800 -0.260188818 0.781003773 -0.030397402 0.623786092 171.970092773
0.620313108 0.004219227 -0.784342945 -104.559043884 0.019302607 0.999600530 0.020643013 -0.252708197 0.784116745 -0.027944991 0.619983912 172.728042603
0.617112577 0.005372731 -0.786856592 -105.537620544 0.015331705 0.999704778 0.018850366 -0.237811804 0.786725461 -0.023696648 0.616848052 173.477508545
0.613888741 0.006947342 -0.789361894 -106.526412964 0.011335056 0.999780536 0.017614586 -0.221082211 0.789311111 -0.019760856 0.613675416 174.227172852
0.610796332 0.010498590 -0.791718185 -107.457214355 0.009155797 0.999751508 0.020320754 -0.234732151 0.791734874 -0.019660650 0.610548556 174.943664551
0.607638776 0.011842762 -0.794125080 -108.417312622 0.008757643 0.999728143 0.021609979 -0.225628376 0.794165254 -0.020085728 0.607370019 175.672958374
0.604335427 0.012788887 -0.796627402 -109.388511658 0.007787217 0.999728680 0.021956950 -0.215182781 0.796692014 -0.019472875 0.604071915 176.401504517
0.601171970 0.012885317 -0.799015701 -110.366088867 0.008230771 0.999717116 0.022314684 -0.202192307 0.799077272 -0.019991480 0.600895882 177.128952026
0.597975612 0.015643483 -0.801361561 -111.347976685 0.006430860 0.999683738 0.024313655 -0.184459209 0.801488578 -0.019692419 0.597685874 177.851470947
0.594421804 0.018521182 -0.803940058 -112.325447083 0.003143981 0.999673486 0.025355108 -0.179493904 0.804147363 -0.017599201 0.594169557 178.583724976
0.592007458 0.019505309 -0.805696368 -113.295532227 0.000634346 0.999695420 0.024667993 -0.155420303 0.805932105 -0.015114724 0.591814876 179.276016235
0.589136422 0.021190999 -0.807755589 -114.283012390 -0.000686666 0.999668717 0.025724908 -0.140320301 0.808033168 -0.014600822 0.588955939 179.986831665
0.585949481 0.021724058 -0.810056388 -115.270843506 -0.000209696 0.999644637 0.026656743 -0.129852295 0.810347617 -0.015449638 0.585745811 180.695770264
0.582794964 0.017470406 -0.812431455 -116.248703003 0.001074897 0.999751329 0.022269584 -0.114397526 0.812618554 -0.013851881 0.582631350 181.391983032
0.579996228 0.015139669 -0.814478517 -117.218688965 -0.000801971 0.999837399 0.018014070 -0.111251593 0.814618766 -0.009794904 0.579914033 182.057708740
0.576828241 0.013809287 -0.816748798 -118.194625854 -0.000137940 0.999858737 0.016807823 -0.104991913 0.816865325 -0.009582566 0.576748788 182.761276245
0.574311614 0.017391207 -0.818451941 -119.182708740 -0.001090807 0.999789715 0.020479007 -0.098948956 0.818636000 -0.010868561 0.574209809 183.445861816
0.571451545 0.019898098 -0.820394456 -120.173645020 -0.000989025 0.999722064 0.023558646 -0.093804359 0.820635140 -0.012651240 0.571312428 184.123718262
0.567441285 0.018901331 -0.823196888 -121.139755249 0.001316450 0.999714494 0.023861779 -0.083976746 0.823412776 -0.014623856 0.567254364 184.795394897
0.563184917 0.017274581 -0.826150417 -122.129867554 0.002793598 0.999735892 0.022808602 -0.078258038 0.826326132 -0.015153389 0.562987864 185.467025757
0.558841646 0.016947787 -0.829101324 -123.125228882 0.002281662 0.999755919 0.021974081 -0.062302589 0.829271257 -0.014171760 0.558666527 186.131515503
0.555144668 0.020636186 -0.831497788 -124.133773804 0.000379450 0.999685764 0.025063628 -0.049273491 0.831753731 -0.014229451 0.554962456 186.794494629
0.551542878 0.023142725 -0.833825409 -125.148788452 0.001202841 0.999591887 0.028539190 -0.036747932 0.834145665 -0.016743544 0.551289976 187.455932617
0.547328532 0.024095507 -0.836570859 -126.129989624 0.002813712 0.999526858 0.030629955 -0.021121502 0.836912990 -0.019118523 0.547001779 188.110382080
0.543027103 0.019981537 -0.839477479 -127.136009216 0.008508123 0.999534607 0.029294867 0.003971577 0.839672089 -0.023050284 0.542604268 188.765411377
0.538479149 0.018287577 -0.842440367 -128.158721924 0.010567930 0.999539256 0.028452769 0.027047634 0.842572570 -0.024224073 0.538037837 189.420135498
0.533954501 0.019808978 -0.845281124 -129.167541504 0.011710054 0.999456465 0.030819146 0.045129776 0.845432103 -0.026354311 0.533432186 190.059478760
0.529384434 0.023110636 -0.848067224 -130.187728882 0.009720978 0.999398053 0.033302613 0.069983482 0.848326385 -0.025873926 0.528841078 190.693084717
0.525233150 0.024818916 -0.850596428 -131.220306396 0.007429268 0.999402821 0.033748303 0.094997883 0.850926042 -0.024045033 0.524734974 191.321166992
0.521208525 0.021608390 -0.853155732 -132.263336182 0.010138786 0.999452114 0.031507697 0.123214722 0.853369117 -0.025072049 0.520703912 191.957855225
0.517421305 0.017824778 -0.855545044 -133.265197754 0.012048948 0.999532163 0.028111696 0.143627644 0.855645895 -0.024854010 0.516964614 192.564544678
0.513844013 0.014609987 -0.857759237 -134.301483154 0.014223889 0.999572456 0.025546329 0.164072514 0.857765734 -0.025327500 0.513416469 193.178939819
0.510267377 0.014217253 -0.859898388 -135.349365234 0.015299256 0.999555111 0.025604934 0.185799122 0.859879613 -0.026221167 0.509822786 193.798507690
0.506859779 0.015031821 -0.861897469 -136.398498535 0.015455224 0.999528825 0.026520979 0.203644276 0.861890018 -0.026763236 0.506388485 194.411987305
0.504044652 0.016056010 -0.863528371 -137.455856323 0.014748588 0.999521375 0.027193399 0.223201752 0.863551736 -0.026442509 0.503566563 195.018737793
0.500750363 0.017136507 -0.865422070 -138.505157471 0.015710901 0.999459386 0.028881257 0.241023064 0.865449190 -0.028058860 0.500210404 195.624740601
0.496966630 0.016848125 -0.867606044 -139.558166504 0.017955868 0.999397755 0.029692562 0.265308380 0.867583871 -0.030334830 0.496364832 196.238357544
0.493407190 0.013851220 -0.869688153 -140.631958008 0.021032047 0.999390841 0.027849233 0.288369656 0.869544089 -0.032032330 0.492815375 196.850234985
0.488883972 0.009654447 -0.872295380 -141.720520020 0.021477353 0.999502480 0.023099493 0.306456089 0.872084439 -0.030027570 0.488433391 197.454620361
0.485319853 0.009405483 -0.874285996 -142.803222656 0.018943030 0.999594331 0.021268891 0.324992657 0.874131441 -0.026883842 0.484944791 198.044189453
0.481412530 0.010032120 -0.876436710 -143.911560059 0.017389160 0.999628305 0.020993814 0.340385914 0.876321614 -0.025347183 0.481059223 198.649230957
0.478018969 0.012335627 -0.878262937 -145.013854980 0.013154754 0.999688685 0.021200951 0.355776310 0.878250957 -0.021687794 0.477707893 199.237152100
0.474461704 0.011972014 -0.880194664 -146.124145508 0.011278179 0.999742687 0.019677460 0.372965336 0.880203903 -0.019263193 0.474204630 199.824340820
0.470369399 0.013581325 -0.882365048 -147.201080322 0.010003465 0.999735236 0.020720506 0.382341385 0.882412910 -0.018573001 0.470108926 200.395690918
0.466218710 0.014866363 -0.884544492 -148.308700562 0.010340468 0.999698877 0.022251910 0.400151253 0.884609044 -0.019520860 0.465924621 200.975067139
0.462456256 0.016935023 -0.886480272 -149.427413940 0.010612866 0.999640226 0.024633277 0.415319443 0.886578560 -0.020799913 0.462110102 201.553604126
0.458491325 0.016980598 -0.888536632 -150.515136719 0.009210585 0.999672890 0.023857225 0.431164265 0.888651133 -0.019122275 0.458184958 202.108489990
0.454627067 0.016573606 -0.890527666 -151.672134399 0.010370928 0.999660492 0.023899186 0.440511227 0.890621424 -0.020100815 0.454300880 202.704223633
0.450453997 0.018515568 -0.892607629 -152.804870605 0.009267735 0.999634087 0.025412600 0.456792355 0.892751575 -0.019719657 0.450117528 203.268463135
0.446535289 0.019920733 -0.894544303 -153.933410645 0.009660727 0.999586463 0.027082339 0.475855827 0.894713819 -0.020735165 0.446158171 203.822296143
0.442229509 0.018328380 -0.896714687 -155.076446533 0.008808769 0.999654114 0.024776598 0.492887974 0.896858573 -0.018855892 0.441915154 204.371704102
0.437997788 0.015466634 -0.898842990 -156.180145264 0.011741254 0.999668300 0.022922965 0.500826359 0.898899257 -0.020593751 0.437670946 204.912902832
0.433911234 0.014424880 -0.900840104 -157.358016968 0.011233740 0.999707401 0.021419011 0.532546043 0.900885582 -0.019413752 0.433622330 205.477355957
0.430145770 0.016187899 -0.902614295 -158.521667480 0.012919850 0.999626338 0.024084786 0.548532963 0.902666986 -0.022021612 0.429776013 206.028228760
0.426286042 0.020106014 -0.904364884 -159.695617676 0.011317684 0.999556065 0.027557088 0.567657471 0.904517591 -0.021982523 0.425869346 206.575744629
0.422549874 0.022939175 -0.906049311 -160.860382080 0.008592780 0.999533236 0.029313356 0.584136963 0.906298935 -0.020171840 0.422155589 207.112304688
0.419106841 0.023509415 -0.907632470 -162.043930054 0.003067623 0.999622226 0.027308628 0.609088421 0.907931805 -0.014229505 0.418876439 207.647460938
0.416026384 0.022845050 -0.909065545 -163.224853516 -0.000546399 0.999690473 0.024872428 0.635881901 0.909352362 -0.009850872 0.415910095 208.178375244
0.413324624 0.023364667 -0.910283923 -164.415542603 -0.003990088 0.999707639 0.023848200 0.654886246 0.910574913 -0.006224935 0.413296998 208.703125000
0.411282688 0.024211930 -0.911186159 -165.603363037 -0.004822620 0.999691010 0.024386875 0.672415733 0.911495090 -0.005635594 0.411272347 209.222564697
0.408753365 0.024474800 -0.912316561 -166.806121826 -0.004329096 0.999681115 0.024878930 0.690050602 0.912634611 -0.006219837 0.408728957 209.758514404
0.406751841 0.024497641 -0.913210154 -168.007125854 -0.001637663 0.999658287 0.026087256 0.708907127 0.913537204 -0.009115510 0.406652987 210.305908203
0.405048072 0.025282171 -0.913945794 -169.211502075 -0.000644634 0.999625206 0.027366601 0.729770184 0.914295137 -0.010495629 0.404912651 210.838592529
0.403516918 0.026475389 -0.914589107 -170.419296265 -0.001267322 0.999596417 0.028377030 0.752045631 0.914971292 -0.010291531 0.403387666 211.363906860
0.401757658 0.028368264 -0.915306449 -171.638153076 -0.004900546 0.999572337 0.028828925 0.775626183 0.915732801 -0.007096741 0.401724935 211.889617920
0.400730908 0.028587583 -0.915749729 -172.830841064 -0.006596827 0.999577224 0.028317722 0.798998356 0.916172087 -0.005306742 0.400750011 212.398315430
0.399997473 0.027749592 -0.916096091 -174.036483765 -0.011712189 0.999614775 0.025165541 0.822872162 0.916441441 0.000663336 0.400168300 212.903244019
0.398795545 0.029732522 -0.916557848 -175.243194580 -0.013921064 0.999555349 0.026367838 0.838694096 0.916934252 0.002244085 0.399032116 213.415313721
0.397269487 0.033489324 -0.917090654 -176.443191528 -0.014600985 0.999438047 0.030171474 0.864472866 0.917585790 0.001404220 0.397535324 213.938659668
0.397193223 0.037756890 -0.916957974 -177.665176392 -0.017594228 0.999283016 0.033525530 0.893397808 0.917566299 0.002817051 0.397572786 214.457931519
0.397474974 0.041497368 -0.916674137 -178.883071899 -0.022345861 0.999118268 0.035540286 0.925373554 0.917340934 0.006357500 0.398051828 214.967117310
0.398798048 0.043185133 -0.916021347 -180.069854736 -0.023717510 0.999042213 0.036773458 0.938294411 0.916732073 0.007060566 0.399440318 215.464080811
0.400380403 0.038596727 -0.915535808 -181.273406982 -0.018621957 0.999248922 0.033982147 0.977668762 0.916159809 0.003443287 0.400798380 216.007324219
0.402102649 0.032879949 -0.915004015 -182.473220825 -0.011828456 0.999458134 0.030716665 1.005068779 0.915518165 -0.001528166 0.402273685 216.533691406
0.402991205 0.028240157 -0.914768040 -183.672531128 -0.000279478 0.999527574 0.030733678 1.028712749 0.915203810 -0.012129745 0.402808666 217.077697754
0.404300332 0.026253421 -0.914249361 -184.859802246 0.007232334 0.999464929 0.031898741 1.055795193 0.914597690 -0.019508826 0.403894126 217.611633301
0.406264901 0.024208970 -0.913434505 -186.057250977 0.011913576 0.999423683 0.031786710 1.083693981 0.913677692 -0.023796100 0.405742317 218.144744873
0.407756209 0.021721063 -0.912832439 -187.251770020 0.014273984 0.999443293 0.030158082 1.111348629 0.912979305 -0.025326902 0.407219082 218.681625366
0.408767283 0.024081815 -0.912320733 -188.450271606 0.010588120 0.999459386 0.031125968 1.134269714 0.912577271 -0.022383042 0.408291340 219.212692261
0.410489023 0.027058363 -0.911463916 -189.645828247 0.007492264 0.999425828 0.033043891 1.162704468 0.911834836 -0.020393088 0.410050631 219.736480713
0.411777020 0.026985079 -0.910884976 -190.835815430 0.004206949 0.999494493 0.031511951 1.178569794 0.911275029 -0.016807940 0.411455274 220.255859375
0.412863970 0.026229974 -0.910414875 -192.035186768 0.001372354 0.999566197 0.029420866 1.205575943 0.910791576 -0.013396227 0.412648916 220.788604736
0.413144201 0.025334477 -0.910313010 -193.226684570 -0.000740972 0.999621928 0.027483700 1.228128910 0.910665274 -0.010680216 0.413006812 221.319137573
0.413587093 0.023200812 -0.910168827 -194.415313721 0.001387846 0.999658108 0.026112596 1.246686935 0.910463452 -0.012063010 0.413413525 221.856948853
0.413797766 0.019309195 -0.910163939 -195.600097656 0.002306090 0.999749660 0.022258202 1.263827801 0.910365880 -0.011309315 0.413649619 222.393280029
0.414180368 0.016409576 -0.910046875 -196.788604736 0.005324957 0.999776721 0.020451037 1.273374081 0.910179257 -0.013316380 0.414000541 222.934280396
0.413912296 0.015873872 -0.910178363 -197.931884766 0.008318406 0.999740243 0.021218739 1.278054237 0.910278678 -0.016353933 0.413672715 223.442352295
0.413305968 0.016527621 -0.910442233 -199.113311768 0.012598475 0.999635756 0.023866015 1.293463707 0.910505056 -0.021334151 0.412947178 223.977600098
