1.000000000 0.000000000 0.000000000 0.000000000 0.000000000 1.000000000 0.000000000 0.000000000 0.000000000 0.000000000 1.000000000 0.000000000
0.999991119 -0.002554100 -0.003357361 -0.003435261 0.002547088 0.999994576 -0.002091225 -0.005607569 0.003362684 0.002082655 0.999992192 0.668416142
0.999972045 -0.001373924 -0.007353699 -0.015939590 0.001347849 0.999992788 -0.003549497 -0.009772299 0.007358522 0.003539486 0.999966681 1.357416153
0.999938130 -0.001162678 -0.011061409 -0.035309806 0.001106306 0.999986351 -0.005101065 -0.011820845 0.011067189 0.005088512 0.999925792 2.066959858
0.999870479 -0.000072337 -0.016095521 -0.044677824 -0.000016767 0.999984622 -0.005535803 -0.018415945 0.016095677 0.005535357 0.999855101 2.803135633
0.999791145 -0.001031130 -0.020410942 -0.064994127 0.000914099 0.999983072 -0.005742266 -0.027678413 0.020416521 0.005722411 0.999775171 3.540616035
0.999693811 0.000852304 -0.024730667 -0.094952807 -0.001026498 0.999974728 -0.007031803 -0.034042660 0.024724051 0.007055036 0.999669373 4.293446064
0.999547601 0.003246780 -0.029899238 -0.120687813 -0.003480627 0.999963760 -0.007772423 -0.039651871 0.029872920 0.007872976 0.999522686 5.069661617
0.999412000 0.003765878 -0.034079365 -0.155996144 -0.003974236 0.999973834 -0.006048211 -0.049426995 0.034055699 0.006180094 0.999400854 5.853045940
0.999254525 0.002948091 -0.038493164 -0.190903544 -0.003082502 0.999989331 -0.003432947 -0.056658104 0.038482632 0.003549043 0.999252975 6.649916649
